function cm = eigtool_colourmap

% function cm = eigtool_colourmap
%
% Function that defines the colour map for EigTool
%
% cm is the colourmap.

% Version 2.4.1 (Wed Nov 19 21:54:21 EST 2014)
% Copyright (c) 2002-2014, The Chancellor, Masters and Scholars
% of the University of Oxford, and the EigTool Developers. All rights reserved.
% EigTool is maintained on GitHub:  https://github.com/eigtool
% Report bugs/request features at https://github.com/eigtool/eigtool/issues

cm = [
                  0   1.00000000000000   0.10000000000000
                  0   0.92500000000000   0.17500000000000
                  0   0.85000000000000   0.25000000000000
                  0   0.77500000000000   0.32500000000000
                  0   0.70000000000000   0.40000000000000
                  0   0.62500000000000   0.47500000000000
                  0   0.55000000000000   0.55000000000000
                  0   0.47500000000000   0.62500000000000
                  0   0.40000000000000   0.70000000000000
                  0   0.32500000000000   0.77500000000000
                  0   0.25000000000000   0.85000000000000
                  0   0.17500000000000   0.92500000000000
                  0   0.10000000000000   1.00000000000000
   0.06153846153846   0.09230769230769   1.00000000000000
   0.12307692307692   0.08461538461538   1.00000000000000
   0.18461538461538   0.07692307692308   1.00000000000000
   0.24615384615385   0.06923076923077   1.00000000000000
   0.30769230769231   0.06153846153846   1.00000000000000
   0.36923076923077   0.05384615384615   1.00000000000000
   0.43076923076923   0.04615384615385   1.00000000000000
   0.49230769230769   0.03846153846154   1.00000000000000
   0.55384615384615   0.03076923076923   1.00000000000000
   0.61538461538462   0.02307692307692   1.00000000000000
   0.67692307692308   0.01538461538462   1.00000000000000
   0.73846153846154   0.00769230769231   1.00000000000000
   0.80000000000000                  0   1.00000000000000
   0.80769230769231                  0   0.92307692307692
   0.81538461538462                  0   0.84615384615385
   0.82307692307692                  0   0.76923076923077
   0.83076923076923                  0   0.69230769230769
   0.83846153846154                  0   0.61538461538462
   0.84615384615385                  0   0.53846153846154
   0.85384615384615                  0   0.46153846153846
   0.86153846153846                  0   0.38461538461538
   0.86923076923077                  0   0.30769230769231
   0.87692307692308                  0   0.23076923076923
   0.88461538461538                  0   0.15384615384615
   0.89230769230769                  0   0.07692307692308
   0.90000000000000                  0                  0
   0.86923076923077                  0                  0
   0.83846153846154                  0                  0
   0.80769230769231                  0                  0
   0.77692307692308                  0                  0
   0.74615384615385                  0                  0
   0.71538461538462                  0                  0
   0.68461538461538                  0                  0
   0.65384615384615                  0                  0
   0.62307692307692                  0                  0
   0.59230769230769                  0                  0
   0.56153846153846                  0                  0
   0.53076923076923                  0                  0
   0.50000000000000                  0                  0
   0.54166666666667   0.05000000000000                  0
   0.58333333333333   0.10000000000000                  0
   0.62500000000000   0.15000000000000                  0
   0.66666666666667   0.20000000000000                  0
   0.70833333333333   0.25000000000000                  0
   0.75000000000000   0.30000000000000                  0
   0.79166666666667   0.35000000000000                  0
   0.83333333333333   0.40000000000000                  0
   0.87500000000000   0.45000000000000                  0
   0.91666666666667   0.50000000000000                  0
   0.95833333333333   0.55000000000000                  0
   1.00000000000000   0.60000000000000                  0
];
